..........................................................................................................................
|    57   |    58   |    59   |    60  |    61    |   62    |   63    |    64   |   65     |   66    |   67    |   68    |
| (60,20) | (100,20)|(140,20) |(180,20)| (220,20) | (220,20)| (300,20)|(340,20) | (380,20) |(420,20) |(460,20) |(500,20) |
..........................................................................................................................
|    69   |    70   |   31    |    32  |    33    |   34    |   35    |    36   |   37     |   38    |   71    |   72    |
|(60,60)  |(100,60) |(140,60) |(180,60)| (220,60) | (260,60)| (300,60)|(340,60) | (380,60) |(420,60) |(460,60) |(500,60) |
..........................................................................................................................
|    73   |    74   |   39    |    13   |    14   |    15   |    16   |   17    |   18     |   40    |   75    |    76   |
|(60,100) |(100,100)|(140,100)|(180,100)|(220,100)|(260,100)|(300,100)|(340,100)|(380,100) |(420,100)|(460,100)|(500,100)|
..........................................................................................................................
|    77   |   78    |   41    |    19   |     3   |    4    |    5    |   6     |   20    |    42    |    79   |   80    |
|(60,140) |(100,140 |(140,140)|(180,140)|(220,140)|(260,140)|(300,140)|(340,140)|(380,140)|(420,140) |(460,140)|(500,140)|
..........................................................................................................................
|    81   |   82    |   43    |    21   |   7     |   1     |    2    |   8     |   22    |    44    |    83   |    84   |
|(60,180) |(100,180)|(140,180)|(180,180)|(220,180)|(260,180)|(300,180)|(340,180)|(380,180)|(420,180) |(460,180)|(500,180)|
..........................................................................................................................
|    85   |    86   |   45    |    23   |   9     |   10    |   11    |   12    |    24   |   46     |    87   |    88   |
|(60,220) |(100,220)|(140,220)|(180,220)|(220,220)|(220,220)|(300,220)|(340,220)|(380,220)|(420,220) |(460,220)|(500,220)|
..........................................................................................................................
|    89   |   90    |   47    |    25   |    26   |    27   |   28    |    29   |   30    |   48     |    91   |    92   |
|(60,260) |(100,260)|(140,260)|(180,260)|(220,260)|(260,260)|(300,260)|(340,260)|(380,260)|(420,260) |(460,260)|(500,260)|
..........................................................................................................................
|    93   |    94   |   49    |    50   |   51    |    52   |   53    |   54    |   55    |   56     |   95    |   96    |
|(60,300) |(100,300)|(140,300)|(180,300)|(220,300)|(260,300)|(300,300)|(340,300)|(380,300)|(420,300) |(460,300)|(500,300)|
..........................................................................................................................
|    97   |    98   |   99    |   100   |  101    |   102   |   103   |   104   |   105   |   106    |  107    |   108   |
|(60,340) |(100,340)|(140,340)|(180,340)|(220,340)|(260,340)|(300,340)|(340,340)|(380,340)|(420,340) |(460,340)|(500,340)|
..........................................................................................................................

Canvas is 600 x 400



..........................................................................................................................
|    A1   |    B1   |    C1   |    D1  |    E1    |   F1    |   G1    |    H1   |   I1     |   J1    |   K1    |   L1    |
| (60,20) | (100,20)|(140,20) |(180,20)| (220,20) | (220,20)| (300,20)|(340,20) | (380,20) |(420,20) |(460,20) |(500,20) |
..........................................................................................................................
|    A2   |    B2   |    C2   |    D2  |  E2(33)  |   F2    |   G2    |    H2   |   I2     |   J2    |   K2    |   L2    |
|(60,60)  |(100,60) |(140,60) |(180,60)| (220,60) | (260,60)| (300,60)|(340,60) | (380,60) |(420,60) |(460,60) |(500,60) |
..........................................................................................................................
|    A3   |    B3   |    C3   |  D3(13) |    E3   |   F3    |   G3    |    H3   |   I3     |   J3    |   K3    |   L3    |
|(60,100) |(100,100)|(140,100)|(180,100)|(220,100)|(260,100)|(300,100)|(340,100)|(380,100) |(420,100)|(460,100)|(500,100)|
..........................................................................................................................
|    A4   |    B4   |    C4   |    D4   |  E4(3)  |   F4    |   G4    |    H4   |  I4(20)  |   J4    |   K4    |   L4    |
|(60,140) |(100,140 |(140,140)|(180,140)|(220,140)|(260,140)|(300,140)|(340,140)|(380,140) |(420,140)|(460,140)|(500,140)|
..........................................................................................................................
|    A5   |    B5   |    C5   |    D5  |    E5    |   F5(1) |   G5(2) |    H5   |   I5     |   J5    |   K5    |   L5    |
|(60,180) |(100,180)|(140,180)|(180,180)|(220,180)|(260,180)|(300,180)|(340,180)|(380,180)|(420,180) |(460,180)|(500,180)|
..........................................................................................................................
|    A6   |    B6   |    C6   |    D6  |    E6    |   F6    |   G6    |    H6   |   I6     |   J6    |   K6    |   L6    |
|(60,220) |(100,220)|(140,220)|(180,220)|(220,220)|(220,220)|(300,220)|(340,220)|(380,220) |(420,220)|(460,220)|(500,220)|
..........................................................................................................................
|    A7   |    B7   |    C7   |    D7  |    E7    |   F7    |   G7    |    H7   |   I7     |   J7    |   K7    |   L7    |
|(60,260) |(100,260)|(140,260)|(180,260)|(220,260)|(260,260)|(300,260)|(340,260)|(380,260)|(420,260) |(460,260)|(500,260)|
..........................................................................................................................
|    A8   |    B8   |    C8   |    D8  |    E8    |   F8    |   G8    |    H8   |   I8     |   J8    |   K8    |   L8    |
|(60,300) |(100,300)|(140,300)|(180,300)|(220,300)|(260,300)|(300,300)|(340,300)|(380,300)|(420,300) |(460,300)|(500,300)|
..........................................................................................................................
|    A9   |    B9   |    C9   |    D9  |    E9    |   F9    |   G9    |    H9   |   I9     |   J9    |   K9    |   L9    |
|(60,340) |(100,340)|(140,340)|(180,340)|(220,340)|(260,340)|(300,340)|(340,340)|(380,340)|(420,340) |(460,340)|(500,340)|
..........................................................................................................................

Canvas is 600 x 400
